# This file may be used to create an environment using:
# $ conda create --name <env> --file <this file>
# platform: win-64
atomicwrites=1.2.1=py_0
attrs=18.2.0=py_0
backports=1.0=py_2
backports.shutil_get_terminal_size=1.0.0=py_3
backports_abc=0.5=py_1
bleach=3.0.2=py_1
bokeh=0.13.0=py27_1000
click=7.0=py_0
cloudpickle=0.6.1=py_0
colorama=0.4.1=py_0
configparser=3.5.0=py27_1001
cycler=0.10.0=py_1
cython=0.24.1=py27_0
cytoolz=0.9.0.1=py27h0c8e037_1001
dask=1.0.0=py_0
dask-core=1.0.0=py_0
decorator=4.0.9=py27_0
distributed=1.25.1=py27_1000
entrypoints=0.2.3=py27_1002
enum34=1.1.6=py27_1001
freetype=2.5.5=vc9_1
funcsigs=1.0.2=py_3
functools32=3.2.3.2=py_3
futures=3.2.0=py27_1000
heapdict=1.0.0=py27_1000
ipykernel=4.10.0=py27_1
ipython=5.8.0=py27_0
ipython_genutils=0.2.0=py_1
jinja2=2.10=py_1
jpeg=8d=vc9_2
jsonschema=2.6.0=py27_1002
jupyter_client=5.2.4=py_0
jupyter_core=4.4.0=py_0
libpng=1.6.17=vc9_1
libsodium=1.0.16=h3cc03e0_1001
libtiff=4.0.6=vc9_2
locket=0.2.0=py_2
markupsafe=1.1.0=py27h0c8e037_1000
matplotlib=1.5.1=np111py27_0
mistune=0.8.4=py27h0c8e037_1000
mkl=11.3.1=0
more-itertools=4.3.0=py27_1000
msgpack-python=0.6.0=py27hdc96acc_1000
nbconvert=5.3.1=py_1
nbformat=4.4.0=py_1
networkx=1.11=py27_0
nose=1.3.7=py27_1002
notebook=4.2.1=py27_0
numpy=1.11.0=py27_0
openssl=1.0.2g=vc9_0
packaging=18.0=py_0
pandas=0.23.3=py27_0
pandoc=2.5=0
pandocfilters=1.4.2=py_1
partd=0.3.9=py_0
pathlib2=2.3.3=py27_1000
pickleshare=0.7.5=py27_1000
pillow=3.2.0=py27_0
pip=8.1.1=py27_1
pluggy=0.8.0=py_0
progressbar2=3.38.0=py_1
prompt_toolkit=1.0.15=py_1
psutil=5.4.8=py27h0c8e037_1000
py=1.7.0=py_0
pygments=2.3.1=py_0
pyparsing=2.1.1=py27_0
pyqt=4.11.4=py27_6
pytest=3.9.1=py27_1000
pytest-runner=4.2=py_1
python=2.7.11=5
python-dateutil=2.5.2=py27_0
python-utils=2.3.0=py_1
pytz=2016.3=py27_0
pyyaml=3.13=py27h0c8e037_1001
pyzmq=17.1.2=py27h8dd8dc4_1001
qt=4.8.7=vc9_9
scandir=1.9.0=py27h0c8e037_1000
scikit-image=0.12.3=np111py27_1
scipy=0.17.0=np111py27_1
setuptools=20.7.0=py27_0
simplegeneric=0.8.1=py_1
singledispatch=3.4.0.3=py27_1000
sip=4.16.9=py27_2
six=1.10.0=py27_1
sortedcontainers=2.1.0=py_0
sqlite=3.9.2=vc9_0
tblib=1.3.2=py_1
testpath=0.4.2=py27_1000
tk=8.5.18=vc9_0
toolz=0.9.0=py_1
tornado=5.1.1=py27h0c8e037_1000
traitlets=4.3.2=py27_1000
vc=9=0
vs2008_runtime=9.0.30729.6161=0
vs2010_runtime=10.00.40219.1=2
wcwidth=0.1.7=py_1
webencodings=0.5.1=py_1
wheel=0.29.0=py27_0
win_unicode_console=0.5=py27_1000
yaml=0.1.7=vc9h88dcfe9_1
zeromq=4.2.5=h2880e7c_1006
zict=0.1.3=py_0
zlib=1.2.8=vc9_3
